          Jan      Feb      Mar      Apr      May      Jun      Jul      Aug      Sep      Oct      Nov      Dec
1856   0.2299   0.1617   0.2477   0.1537   0.1701   0.2198   0.2155   0.2093   0.2687   0.1032   0.1557   0.2295
1857   0.2279  -0.0462  -0.0472   0.0217  -0.0538   0.1058   0.1195   0.0023   0.0157  -0.1527  -0.1442  -0.2794
1858  -0.2040  -0.2982  -0.0402   0.2287   0.0701  -0.0311  -0.1704  -0.0636   0.0697   0.1322   0.3007   0.1285
1859  -0.1140  -0.1022   0.0927   0.1687   0.0701  -0.0901  -0.1884   0.0723   0.0817   0.1142   0.0877   0.0905
1860   0.1369  -0.0922   0.0957  -0.0472   0.1551   0.3168   0.2245   0.0513  -0.0002   0.0982   0.0237   0.1525
1861   0.0249  -0.0862   0.0307   0.2717   0.1831   0.3078   0.4115   0.3163   0.2667   0.2052   0.2497   0.1285
1862  -0.0010  -0.1382  -0.0332  -0.0992  -0.1908  -0.0261  -0.2934  -0.2506  -0.2472  -0.2717  -0.3162  -0.3424
1863  -0.1180  -0.0162   0.0697   0.0787   0.0161  -0.0211  -0.2914  -0.2806  -0.1462  -0.2377  -0.1402  -0.0984
1864  -0.1740  -0.3252  -0.1362  -0.0042   0.0681   0.1378   0.2655   0.3693   0.2087   0.1242   0.2277   0.2085
1865   0.2219   0.2807   0.2087   0.0917   0.0241   0.2218   0.1255   0.0623   0.2977   0.2492   0.2557   0.2355
1866   0.0819   0.2077   0.2577   0.1627   0.1701   0.3738   0.2855   0.2803   0.1617   0.1392   0.3077   0.2965
1867   0.3449   0.3157   0.4327   0.3297   0.1551   0.1138   0.1145   0.0943   0.0187  -0.0267   0.1557  -0.0294
1868   0.0979   0.1657   0.2517   0.2977   0.1881   0.3548   0.4155   0.2303   0.1657  -0.1097  -0.0102   0.1485
1869  -0.0740   0.1297   0.1297   0.2837   0.2861   0.2458   0.2935   0.1643   0.1167   0.0002   0.0047  -0.0584
1870  -0.1170   0.0497   0.0127  -0.1262  -0.0228   0.0218  -0.0244   0.1323   0.1747   0.1662   0.2247   0.1395
1871  -0.0920  -0.0752   0.1877   0.2237   0.1511   0.1678   0.1905   0.0923  -0.0602  -0.1357   0.0497   0.1195
1872  -0.0230  -0.0082  -0.0252  -0.0262   0.1871   0.2558   0.3045   0.4213   0.4457   0.0612   0.0227  -0.0154
1873   0.1029   0.0527   0.1037   0.0947  -0.0358   0.0018   0.1075   0.0843   0.1777   0.0982   0.1197   0.1785
1874   0.1029  -0.0622  -0.0532  -0.0382   0.0311   0.2058   0.1255   0.0283   0.2147  -0.0207   0.0037  -0.2484
1875  -0.1120   0.1197   0.1037   0.0727   0.1831   0.2158   0.0315   0.1353   0.1757   0.0932   0.0057  -0.0324
1876  -0.1480  -0.0192  -0.0202  -0.0132  -0.0498   0.0438   0.1465   0.2223   0.1887  -0.0297  -0.0142   0.0295
1877   0.0669   0.2167   0.3147   0.2067   0.2811   0.3778   0.3355   0.4153   0.3077   0.2612   0.3727   0.3705
1878   0.3059   0.3977   0.4227   0.7087   0.5541   0.6838   0.4585   0.6423   0.5957   0.3512   0.4467   0.5245
1879   0.3909   0.4447   0.1007   0.1047   0.2771   0.2358   0.1255   0.0733   0.0277   0.0962   0.1457   0.1755
1880   0.1469   0.0727   0.1727   0.0327  -0.1048   0.0508   0.1615   0.1633   0.3077   0.2672   0.2277  -0.0244
1881   0.2419   0.1957   0.2767   0.2947   0.1521   0.1858   0.0555   0.1093   0.0337  -0.0287  -0.2222  -0.0314
1882  -0.0540  -0.0222   0.0577  -0.0512  -0.0888   0.0688   0.1115   0.1373   0.1017   0.0292   0.1017   0.0835
1883   0.0329  -0.0842  -0.0582   0.1087   0.0791   0.0438   0.0105   0.0903  -0.0262  -0.0637   0.0847   0.2055
1884   0.1179  -0.0582  -0.0102   0.0237   0.0021   0.2148   0.0295   0.0683  -0.0812  -0.0897  -0.2432  -0.0374
1885   0.0239   0.1347   0.0707  -0.1582  -0.1098  -0.0481   0.0405   0.1963   0.1097   0.0922   0.1137   0.1155
1886   0.2269   0.2217   0.2927   0.3027   0.2941   0.2918   0.3155   0.1503   0.0807   0.0452   0.0927   0.0655
1887   0.0009   0.0117   0.0897   0.0347   0.1091   0.3118   0.4125   0.2953   0.2407   0.3092   0.2957   0.2765
1888   0.3419   0.2787   0.3777   0.2327   0.2031   0.3538   0.2705   0.2463   0.2417   0.3322   0.2477   0.1785
1889   0.3489   0.3557   0.4447   0.4117   0.3771   0.3168   0.1485   0.1853   0.1857   0.1692   0.2857   0.1395
1890   0.1329   0.1157   0.0767  -0.0522  -0.0798  -0.0081  -0.1794  -0.2076  -0.1742  -0.0127  -0.1592  -0.1564
1891  -0.1710   0.0187   0.1937   0.2157   0.2481   0.2618   0.3215   0.1963   0.0967   0.0982  -0.1222   0.1135
1892   0.1709   0.2297   0.2177   0.1127  -0.0558  -0.0461  -0.1694  -0.0066  -0.1222  -0.1057  -0.1582  -0.0794
1893   0.0089   0.0557   0.0817  -0.0432  -0.0598   0.2288   0.2635   0.2643   0.1457   0.0192   0.1447  -0.0554
1894  -0.0340  -0.0532  -0.0582  -0.1682  -0.2788  -0.2171  -0.1384  -0.1326  -0.1282  -0.2537  -0.1882  -0.1234
1895   0.0019   0.0327  -0.1322  -0.1732  -0.1248   0.0028   0.0185   0.0133   0.1747   0.1572   0.0187   0.0575
1896   0.0539   0.1517   0.0937   0.1677   0.3411   0.3008   0.1945   0.1903   0.4157   0.2452   0.1737   0.1635
1897   0.1999   0.2517   0.4377   0.3677   0.2471   0.2108   0.1905   0.1283   0.1497   0.1632   0.1157   0.0965
1898   0.1069   0.1787   0.2437   0.1837   0.1771   0.3238   0.3125   0.2523   0.2107   0.0622   0.0027   0.1115
1899   0.0599   0.0727   0.1307   0.2107   0.2921   0.3048   0.2105   0.3853   0.2377   0.1842   0.3347   0.4135
1900   0.3369   0.3307   0.2037   0.2937   0.0911   0.1218   0.1955   0.1193   0.1617   0.2132   0.1837   0.2555
1901   0.1809   0.3177   0.3047   0.2837   0.1781   0.3428   0.2905   0.3043   0.1177  -0.0077   0.0627   0.0565
1902   0.0179   0.1007   0.1247  -0.0142   0.0081  -0.1251  -0.1824  -0.0466   0.1167   0.1182   0.0277   0.0375
1903   0.0949   0.1887   0.0917   0.0677  -0.0428  -0.0471  -0.0534  -0.3176  -0.3372  -0.2627  -0.0932  -0.1674
1904  -0.2130  -0.2362  -0.2272  -0.2842  -0.2948  -0.2991  -0.2254  -0.2196  -0.3572  -0.2647  -0.0512  -0.0274
1905  -0.0850  -0.0432  -0.2052  -0.0322   0.0411  -0.0401   0.0595  -0.0126  -0.2332  -0.1447  -0.1192  -0.1164
1906   0.0699   0.1087   0.1027   0.0977  -0.0538   0.1418   0.1085   0.0673   0.0047  -0.0317   0.1337  -0.0944
1907  -0.0410  -0.2062  -0.0972  -0.0172  -0.0408  -0.1181  -0.1634  -0.1806  -0.0512  -0.1087  -0.0742  -0.0574
1908  -0.0850  -0.0872  -0.0812  -0.0622  -0.0528   0.0738   0.1435   0.1443   0.0407  -0.0077   0.0007   0.0135
1909   0.0439   0.0047   0.0607  -0.0002   0.1061   0.0118  -0.0454   0.0553   0.0167  -0.0357  -0.1332  -0.0964
1910  -0.1560  -0.1012  -0.0962  -0.1592  -0.2258  -0.2181  -0.1644  -0.1186   0.0277  -0.0727   0.0827  -0.1024
1911  -0.0990  -0.1002  -0.1412  -0.1662  -0.2258  -0.0941  -0.0414   0.0783   0.0177   0.0072  -0.0672  -0.0304
1912  -0.0810  -0.1052  -0.0492  -0.0122   0.0051  -0.0031  -0.1274  -0.2486  -0.1062  -0.1277  -0.0572  -0.0904
1913  -0.1490  -0.0552  -0.0532  -0.2822  -0.3258  -0.4161  -0.3074  -0.2866  -0.2872  -0.2567  -0.2882  -0.1794
1914  -0.0630  -0.1592  -0.2322  -0.2232  -0.1378  -0.2251  -0.2974  -0.2196  -0.0452   0.0142  -0.0142  -0.0784
1915   0.0339   0.0447   0.1727   0.2147   0.3891   0.4488   0.4535   0.3653   0.3427   0.1592   0.1657   0.1635
1916   0.1259   0.0657   0.0857   0.0467   0.1491   0.1858   0.0645   0.1393   0.1447   0.0582  -0.0652  -0.0534
1917  -0.1250  -0.1822  -0.2202  -0.1372  -0.1208   0.0088  -0.0674  -0.0326  -0.1302  -0.2057  -0.1412  -0.1014
1918   0.0699  -0.0052   0.0667  -0.0072  -0.1028  -0.2561  -0.2214  -0.2286  -0.2102  -0.1197  -0.1182  -0.0634
1919  -0.0520   0.1137  -0.0052   0.1187  -0.0258  -0.0561  -0.1354  -0.0266  -0.0352  -0.0017  -0.0432  -0.1274
1920  -0.2840  -0.2272  -0.2612  -0.1572  -0.1108  -0.1121  -0.1244  -0.1356  -0.1162  -0.1227  -0.2402  -0.1364
1921  -0.1100  -0.0952  -0.1242  -0.0842  -0.1058  -0.0761   0.0455  -0.0756  -0.0622   0.0922  -0.0722   0.0485
1922  -0.0220  -0.0602  -0.1442  -0.2272  -0.1708  -0.1561  -0.2194  -0.1356  -0.2022  -0.1367  -0.1582  -0.1524
1923  -0.1780  -0.2762  -0.2052  -0.2432  -0.1308  -0.1361  -0.1624  -0.2496  -0.2002  -0.1117  -0.0202   0.1135
1924   0.0569  -0.0122   0.0977   0.1317   0.1981   0.0828   0.0355   0.0413  -0.0332  -0.0807  -0.1182  -0.1094
1925  -0.1350  -0.1212  -0.0342   0.0117   0.0771  -0.0071   0.0195   0.0493   0.0537   0.0712   0.0277   0.2265
1926   0.2269   0.2987   0.2537   0.3017   0.2831   0.2528   0.3075   0.2353   0.2177   0.3372   0.2287   0.2715
1927   0.2759   0.2707   0.2487   0.2637   0.3511   0.3408   0.3245   0.3433   0.2827   0.3352   0.3417   0.1605
1928   0.1519   0.1027   0.1177   0.0997   0.1791   0.2568   0.2575   0.2903   0.2687   0.2072   0.1567   0.0975
1929   0.1129   0.0997   0.1247   0.1857   0.0551   0.0008  -0.0044   0.0373   0.1197   0.1142   0.0967   0.0045
1930   0.0809   0.0277   0.1227  -0.0062   0.0571   0.1158   0.2375   0.2633   0.4747   0.3732   0.3667   0.3365
1931   0.3209   0.2717   0.3677   0.3577   0.3961   0.4668   0.3745   0.3483   0.4537   0.4932   0.2747   0.3675
1932   0.3859   0.4387   0.4707   0.4217   0.3281   0.4458   0.4545   0.5873   0.5287   0.4152   0.3567   0.2945
1933   0.3009   0.3677   0.3167   0.4237   0.4681   0.4478   0.4655   0.4843   0.4387   0.5102   0.3017   0.2035
1934   0.1039   0.0247   0.0177   0.1217   0.0671   0.2408   0.3595   0.2853   0.3407   0.3532   0.2417   0.1995
1935   0.2599   0.0817   0.0817   0.2727   0.3231   0.3188   0.2545   0.2133   0.1637   0.1672   0.2477   0.3075
1936   0.3579   0.3647   0.4277   0.4167   0.3521   0.4048   0.3885   0.4243   0.3767   0.2912   0.2497   0.2575
1937   0.2779   0.3077   0.3347   0.2927   0.3181   0.6648   0.8075   0.8043   0.7127   0.4872   0.4887   0.5655
1938   0.4369   0.3757   0.4387   0.4627   0.3931   0.3858   0.4035   0.5143   0.5177   0.5472   0.5537   0.4335
1939   0.3629   0.3057   0.2097   0.3237   0.2981   0.3978   0.5275   0.5413   0.5107   0.2062   0.0857   0.1385
1940   0.2929   0.0367   0.1007   0.1987   0.1971   0.2368   0.3015   0.3273   0.2387   0.1492   0.1087   0.0825
1941   0.1719   0.3277   0.3787   0.2987   0.2361   0.2068   0.2965   0.5033   0.5217   0.6172   0.6367   0.5505
1942   0.3719   0.4347   0.4427   0.4417   0.4101   0.4888   0.3115   0.3733   0.4437   0.4072   0.4437   0.3185
1943   0.3699   0.3357   0.1507   0.1047   0.0811   0.1568   0.2305   0.2473   0.2997   0.2872   0.3937   0.4575
1944   0.5439   0.5597   0.6797   0.5587   0.5001   0.5828   0.5785   0.6783   0.6447   0.5772   0.5257   0.5065
1945   0.5059   0.5947   0.6247   0.6587   0.5211   0.4128   0.3045   0.3443   0.3147   0.3172   0.4417   0.3745
1946   0.5269   0.4397   0.3947   0.3117   0.3041   0.1418   0.0195   0.0763   0.2157   0.2022   0.1947   0.2045
1947   0.0789   0.1247   0.1757   0.1567   0.0631   0.0928   0.0705   0.1443   0.1857   0.1312   0.3097   0.2765
1948   0.2409   0.2277   0.2977   0.1867   0.2161   0.3028   0.1905   0.2243   0.1867   0.2312   0.4007   0.3075
1949   0.4119   0.4177   0.3107   0.3577   0.2001   0.2518   0.3045   0.3513   0.3117   0.3302   0.3767   0.3665
1950   0.3729   0.2277   0.1697   0.1317   0.1681   0.2118   0.1805   0.2723   0.2547   0.1392   0.3517   0.3395
1951   0.3679   0.2617   0.2907   0.4337   0.4021   0.5458   0.6605   0.5583   0.4977   0.4912   0.4487   0.4285
1952   0.4389   0.4487   0.5117   0.4587   0.4121   0.6418   0.6135   0.6613   0.6127   0.5892   0.5277   0.5975
1953   0.5359   0.4537   0.4247   0.5837   0.5771   0.5378   0.5875   0.5193   0.5327   0.3852   0.5237   0.5175
1954   0.4999   0.3677   0.3867   0.2597   0.3071   0.3638   0.2015   0.2493   0.2447   0.2082   0.2557   0.2105
1955   0.3519   0.3147   0.3307   0.3717   0.4161   0.4608   0.5175   0.4403   0.4617   0.5222   0.6717   0.5215
1956   0.4649   0.3717   0.3057   0.3417   0.1851   0.0058   0.1615   0.1703   0.1727   0.2032   0.2017   0.2865
1957   0.1999   0.1737   0.2747   0.2077   0.1241   0.2608   0.2945   0.4733   0.4847   0.3982   0.3747   0.3495
1958   0.3319   0.4717   0.6407   0.6297   0.4491   0.4968   0.4215   0.4353   0.4787   0.4032   0.4787   0.4925
1959   0.3859   0.3997   0.2727   0.2827   0.2581   0.2188   0.2285   0.2883   0.3947   0.3662   0.3467   0.3855
1960   0.4649   0.5047   0.3907   0.3857   0.5561   0.5998   0.5335   0.6143   0.4827   0.5522   0.5487   0.4155
1961   0.3519   0.3717   0.4537   0.5187   0.4491   0.3158   0.2465   0.3173   0.2777   0.2882   0.3677   0.4935
1962   0.4429   0.4447   0.4727   0.3817   0.2811   0.2148   0.2595   0.2213   0.2817   0.3272   0.3497   0.4735
1963   0.4539   0.4617   0.4437   0.4007   0.1761   0.2418   0.2345   0.2133   0.0777   0.1922   0.2487   0.2255
1964   0.2239   0.3197   0.3517   0.1537   0.3041   0.2948   0.1295   0.0553   0.0627  -0.0047   0.1427   0.1675
1965   0.1039   0.1237   0.2377   0.2057   0.1681   0.1668   0.0875   0.0823   0.0627   0.0212   0.0357   0.1675
1966   0.2289   0.3137   0.3087   0.3487   0.2701   0.2518   0.2225   0.2513   0.2877   0.2852   0.3177   0.3745
1967   0.3889   0.3937   0.2867   0.2927   0.0851   0.0388   0.0505   0.1333   0.1937   0.1752   0.0827   0.1435
1968   0.0629   0.1107   0.1147   0.1547   0.1511   0.0398   0.0545   0.0863   0.1427   0.1642   0.2117   0.1725
1969   0.2499   0.4157   0.5327   0.4617   0.2871   0.3328   0.3795   0.2023   0.1887   0.0942   0.1977   0.2705
1970   0.3049   0.2657   0.3477   0.3357   0.2331   0.1248   0.0885   0.1653   0.1607   0.0862   0.0847   0.0955
1971   0.0729   0.0247   0.0217  -0.0942  -0.0438  -0.0521  -0.0574  -0.1266  -0.0652   0.0502   0.0847  -0.0004
1972   0.0039  -0.0602  -0.1042  -0.0052  -0.1828  -0.1751  -0.0804  -0.0716   0.0017   0.0022   0.0537  -0.0404
1973  -0.0490  -0.0702  -0.0062   0.0597   0.1201   0.1408   0.1945   0.1813   0.1767   0.0762   0.1247   0.0755
1974   0.0519   0.0427  -0.0602  -0.1962  -0.2078  -0.1281  -0.2134  -0.1496  -0.1952  -0.2127  -0.0882  -0.0444
1975   0.0579  -0.0092   0.0337  -0.0152  -0.0938   0.0268   0.0325   0.1353  -0.0222  -0.0557  -0.0012  -0.0024
1976  -0.0510  -0.1092  -0.1472  -0.0932  -0.1908  -0.1581  -0.0004   0.1383   0.1227   0.0072  -0.0732  -0.1094
1977  -0.0530   0.0017   0.1667   0.1187   0.1311   0.2208   0.2045   0.1813   0.0877   0.0792   0.2027   0.1205
1978   0.2329   0.1907   0.1947   0.1447   0.1001  -0.0011   0.0365   0.1033   0.1327   0.0992   0.2297   0.1465
1979   0.1499   0.1897   0.1277   0.1057   0.1891   0.2928   0.2215   0.2183   0.2157   0.2222   0.2677   0.2725
1980   0.3439   0.2667   0.2207   0.3457   0.4391   0.4468   0.3695   0.3593   0.3207   0.2522   0.1587   0.0865
1981   0.1719   0.1717   0.3677   0.2587   0.2341   0.2838   0.2325   0.2293   0.3007   0.1342   0.2267   0.3365
1982   0.2759   0.2767   0.2897   0.1737   0.1291   0.1638   0.1015   0.0383   0.0317  -0.0477  -0.0512  -0.0344
1983   0.0609   0.2547   0.4537   0.4187   0.2751   0.2968   0.3175   0.1913   0.1267   0.1312   0.2107   0.3455
1984   0.2559   0.2727   0.2507   0.2047   0.1611   0.0298   0.0705   0.1273   0.1367  -0.0147  -0.0522   0.0335
1985   0.0099   0.0347   0.0217  -0.0362  -0.0078   0.2288   0.1855   0.0733   0.1007   0.0872   0.0787   0.0175
1986   0.0239   0.0907   0.0877   0.0427   0.1031   0.0978   0.0925   0.0853   0.1307   0.0162  -0.0202  -0.0144
1987   0.0919   0.1517   0.3507   0.3997   0.4021   0.5648   0.6235   0.6403   0.5467   0.3842   0.3097   0.4025
1988   0.3309   0.2547   0.3747   0.4227   0.4731   0.5278   0.4535   0.3523   0.2577   0.1662   0.2317   0.1945
1989   0.1509   0.2147   0.1327   0.0827   0.1901   0.4548   0.5225   0.4753   0.2607   0.2162   0.2317   0.2085
1990   0.0759   0.2117   0.2097   0.2577   0.2801   0.3108   0.3265   0.4173   0.5047   0.4552   0.3307   0.3275
1991   0.1819   0.2587   0.3217   0.2447   0.1881   0.2398   0.2435   0.2583   0.3227   0.0812   0.1247   0.1515
1992   0.1889   0.2837   0.2997   0.1947   0.1211   0.2198   0.1335  -0.0116  -0.0082   0.0462   0.0537   0.0835
1993   0.1409   0.1937   0.1507   0.2077   0.1821   0.1918   0.0775   0.1423   0.1997   0.1052   0.0717   0.0765
1994   0.0869   0.0737   0.1177   0.1837   0.1411   0.1538   0.1255   0.1383   0.2137   0.2912   0.3737   0.2815
1995   0.3229   0.3447   0.4157   0.4617   0.6211   0.7418   0.6735   0.5593   0.4227   0.4542   0.5217   0.4165
1996   0.3779   0.3547   0.3437   0.3977   0.2871   0.2568   0.2575   0.3703   0.3697   0.2112   0.2237   0.2225
1997   0.2999   0.3537   0.4097   0.3987   0.3951   0.3908   0.4245   0.3963   0.4827   0.5082   0.4517   0.5115
1998   0.5239   0.6837   0.7287   0.6847   0.7421   0.8748   0.8545   0.8963   0.7887   0.7432   0.7207   0.6625
1999   0.4469   0.4527   0.4787   0.4487   0.5231   0.5688   0.5685   0.6933   0.5637   0.3812   0.3577   0.4005
2000   0.3159   0.3597   0.5157   0.4417   0.4691   0.3728   0.4455   0.4923   0.4837   0.3262   0.3557   0.2615
2001   0.2749   0.3737   0.4297   0.3897   0.3571   0.5918   0.5105   0.5703   0.6707   0.6202   0.5677   0.6045
2002   0.5859   0.5687   0.5627   0.4317   0.3211   0.2798   0.3125   0.5013   0.4677   0.4832   0.4337   0.3985
2003   0.4579   0.3937   0.5337   0.4867   0.5231   0.6048   0.6575   0.8133   0.8427   0.8012   0.6407   0.6215
2004   0.6209   0.6187   0.5817   0.5187   0.3801   0.5798   0.6115   0.7173   0.6337   0.6202   0.6407   0.5865
2005   0.5239   0.5377   0.7107   0.7057   0.6711   0.7318   0.8335   0.8433   0.8147   0.6182   0.5627   0.6185
2006   0.5399   0.4897   0.4897   0.6137   0.6891   0.7408   0.7645   0.8073   0.7627   0.7172   0.7147   0.5765
2007   0.5899   0.6347   0.5597   0.5777   0.4951   0.4988   0.5215   0.4643   0.4997   0.5442   0.6047   0.5195
2008   0.4519   0.5487   0.5937   0.4647   0.5581   0.6698   0.6015   0.5873   0.6037   0.4912   0.4327   0.4295
2009   0.3659   0.2597   0.2777   0.2937   0.3281   0.5378   0.6265   0.5673   0.4647   0.5562   0.5037   0.4965
2010   0.4669   0.6037   0.7277   0.8527   0.8511   0.8668   0.8515   0.9433   0.8597   0.7182   0.6727   0.6245
2011   0.5739   0.5367   0.4987   0.5217   0.5461   0.5998   0.4955   0.5673   0.5577   0.4602   0.3687   0.3745
2012   0.3679   0.4357   0.4717   0.5127   0.5611   0.7248   0.7815   0.8543   0.8637   0.7292   0.6077   0.5635
2013   0.5639   0.5497   0.6067   0.5717   0.5011   0.4738   0.5995   0.6203   0.6737   0.7502   0.5737   0.4615
2014   0.3759   0.3947   0.3707   0.3447   0.4011   0.4928   0.6335   0.7633   0.7317   0.6972   0.5127   0.4865
2015   0.4329   0.4357   0.3257   0.3697   0.4501   0.4618   0.5465   0.6093   0.7237   0.7332   0.6367   0.6595
2016   0.6749   0.5977   0.6457   0.6207   0.7521   0.8448   0.8495   0.8903   0.8847   0.7912   0.8437   0.7675
2017   0.6719   0.6717   0.6277   0.7297   0.7251   0.7468   0.7225   0.7463   0.7797   0.8472   0.8077   0.7995
2018   0.6219   0.5107   0.5947   0.5127   0.4131   0.4298   0.4405   0.5523   0.5947   0.5602   0.3387   0.3785
2019   0.4369   0.5317   0.5867   0.5757   0.5041   0.6178   0.7785   0.7803   0.6807   0.5782   0.5717   0.6065
2020   0.5509   0.8097   0.8367   0.8247   0.6861   0.7188   0.7925   0.8933   0.7577   0.7342   0.6007   0.6295
2021   0.6069   0.6187   0.6067   0.5357   0.5171   0.6118   0.6645   0.7163   0.8657   0.9232   0.9357   0.7225
2022   0.6599   0.6157   0.5057   0.5947   0.6451   0.6748   0.5935   0.8323   1.1287   0.9342   0.7757   0.6915
2023   0.6789